{
  "processed": 1424,
  "skipped": 246,
  "updated": 1177,
  "failed": 0,
  "deleted": 0,
  "by_service": {
    "youtube": 0,
    "spotify": 1177,
    "bandcamp": 0,
    "soundcloud": 0,
    "boomkat": 0
  },
  "start_time": "2025-03-18T05:53:25.592165",
  "end_time": "2025-03-18T06:07:43.410865",
  "last_processed_id": 1647
}